2024-06-21 22:43:54
Búsqueda: 1167831319, 1149516917, 1145247936, 1161012164, 1147412006, 1147672766, 1165562076, 1146567845, 1132635649, 2494432175, 1142909756, 1142483062
Encontrados: 1167831319, 1149516917, 1145247936, 1161012164, 1147412006, 1147672766, 1165562076, 1146567845, 1132635649, 2494432175, 1142909756, 1142483062
No Encontrados: 

2024-06-21 22:52:11
Búsqueda: 1167831319, 1149516917, 1145247936, 1161012164, 1147412006, 1147672766, 1165562076, 1146567845, 1132635649, 2494432175, 1142909756, 1142483062, 1162176457
Encontrados: 1167831319, 1149516917, 1145247936, 1161012164, 1147412006, 1147672766, 1165562076, 1146567845, 1132635649, 2494432175, 1142909756, 1142483062
No Encontrados: 1162176457

