2024-06-21 22:43:54
Búsqueda: 1167831319, 1149516917, 1145247936, 1161012164, 1147412006, 1147672766, 1165562076, 1146567845, 1132635649, 2494432175, 1142909756, 1142483062
Encontrados: 1167831319, 1149516917, 1145247936, 1161012164, 1147412006, 1147672766, 1165562076, 1146567845, 1132635649, 2494432175, 1142909756, 1142483062
No Encontrados: 

2024-06-21 22:52:11
Búsqueda: 1167831319, 1149516917, 1145247936, 1161012164, 1147412006, 1147672766, 1165562076, 1146567845, 1132635649, 2494432175, 1142909756, 1142483062, 1162176457
Encontrados: 1167831319, 1149516917, 1145247936, 1161012164, 1147412006, 1147672766, 1165562076, 1146567845, 1132635649, 2494432175, 1142909756, 1142483062
No Encontrados: 1162176457

2024-06-22 21:53:12
Búsqueda: 1167831319, 1149516917, 1145247936, 1161012164, 1147412006, 1147672766, 1165562076, 1146567845, 1132635649, 2494432175, 1142909756, 1142483062
Encontrados: 1167831319, 1149516917, 1145247936, 1161012164, 1147412006, 1147672766, 1165562076, 1146567845, 1132635649, 2494432175, 1142909756, 1142483062
No Encontrados: 
No Verificados: 

2024-06-22 21:53:20
Búsqueda: 1167831319, 1149516917, 1145247936, 1161012164, 1147412006, 1147672766, 1165562076, 1146567845, 1132635649, 2494432175, 1142909756, 1142483062
Encontrados: 1167831319, 1149516917, 1145247936, 1161012164, 1147412006, 1147672766, 1165562076, 1146567845, 1132635649, 2494432175, 1142909756, 1142483062
No Encontrados: 
No Verificados: 

2024-06-22 21:56:08
Búsqueda: 1167831319, 1149516917, 1145247936, 1161012164, 1147412006, 1147672766, 1165562076, 1146567845, 1132635649, 2494432175, 1142909756, 1142483062, 1142483060, 1142483061, 114248306333
Encontrados: 1167831319, 1149516917, 1145247936, 1161012164, 1147412006, 1147672766, 1165562076, 1146567845, 1132635649, 2494432175, 1142909756, 1142483062
No Encontrados: 1142483060, 1142483061
No Verificados: 114248306333

2024-06-22 22:05:42
Búsqueda: 1167831319, 1149516917, 1145247936, 1161012164, 1147412006, 1147672766, 1165562076, 1146567845, 1132635649, 2494432175, 1142909756, 1142483062
Encontrados: 1167831319, 1149516917, 1145247936, 1161012164, 1147412006, 1147672766, 1165562076, 1146567845, 1132635649, 2494432175, 1142909756, 1142483062
No Encontrados: 
No Verificados: 

2024-06-22 22:05:50
Búsqueda: 1167831319, 1149516917, 1145247936, 1161012164, 1147412006, 1147672766, 1165562076, 1146567845, 1132635649, 2494432175, 1142909756, 1142483062
Encontrados: 1167831319, 1149516917, 1145247936, 1161012164, 1147412006, 1147672766, 1165562076, 1146567845, 1132635649, 2494432175, 1142909756, 1142483062
No Encontrados: 
No Verificados: 

2024-06-22 22:06:56
Búsqueda: 1167831319, 1149516917, 1145247936, 1161012164, 1147412006, 1147672766, 1165562076, 1146567845, 1132635649, 2494432175, 1142909756, 1142483062
Encontrados: 1167831319, 1149516917, 1145247936, 1161012164, 1147412006, 1147672766, 1165562076, 1146567845, 1132635649, 2494432175, 1142909756, 1142483062
No Encontrados: 
No Verificados: 

